a=[56	1.90000000000000	0.800000000000000	100010;
55	1.95000000000000	0.820000000000000	100100;
54	1.98000000000000	0.830000000000000	100100;
53	2.01000000000000	0.840000000000000	100100;
52	2.06000000000000	0.850000000000000	100101;
51	2.15000000000000	0.880000000000000	100110;
50	2.23000000000000	0.910000000000000	100111;
49	2.33000000000000	0.940000000000000	101001;
48	2.42000000000000	0.970000000000000	101010;
47	2.53000000000000	1.01000000000000	101100;
46	2.64000000000000	1.04000000000000	101101;
45	2.73000000000000	1.07000000000000	101110;
44	2.83000000000000	1.10000000000000	110000;
43	2.90000000000000	1.12000000000000	110001;
42	3.12000000000000	1.19000000000000	110011;
41	3.21000000000000	1.21000000000000	110100;
40	3.33000000000000	1.25000000000000	110110;
39	3.45000000000000	1.28000000000000	110111;
38	3.60000000000000	1.32000000000000	111001;
37	3.77000000000000	1.37000000000000	111011;
36	3.87000000000000	1.40000000000000	111100;
35	3.98000000000000	1.42000000000000	111101;
34	4.12000000000000	1.46000000000000	111111;
33	4.27000000000000	1.50000000000000	1000000;
32	4.45000000000000	1.54000000000000	1000010;
31	4.62000000000000	1.58000000000000	1000100;
30	4.80000000000000	1.62000000000000	1000101;
29	5	1.67000000000000	1000111;
28	5.20000000000000	1.71000000000000	1001001;
27	5.44000000000000	1.76000000000000	1001011;
26	5.67000000000000	1.81000000000000	1001101;
25	5.91000000000000	1.86000000000000	1010000;
24	6.15000000000000	1.90000000000000	1010001;
23	6.42000000000000	1.93000000000000	1010011;
22	6.70000000000000	2.01000000000000	1010110;
21	6.96000000000000	2.05000000000000	1011000;
20	7.25000000000000	2.10000000000000	1011010;
19	7.56000000000000	2.15000000000000	1011100;
18	7.85000000000000	2.20000000000000	1011110;
17	8.21000000000000	2.25000000000000	1100000;
16	8.54000000000000	2.30000000000000	1100010;
15	8.90000000000000	2.35000000000000	1100100;
14	9.32000000000000	2.41000000000000	1100111;
13	9.74000000000000	2.47000000000000	1101010;
12	10.2000000000000	2.52000000000000	1101100;
11	10.6900000000000	2.58000000000000	1101110;
10	11.1900000000000	2.64000000000000	1110001;
9	11.7000000000000	2.70000000000000	1110011;
8	12.2600000000000	2.75000000000000	1110101;
7	12.8200000000000	2.81000000000000	1111000;
6	13.3800000000000	2.86000000000000	1111010;
5	13.9700000000000	2.91000000000000	1111100;
4	14.6200000000000	2.97000000000000	1111111;
3	15.2700000000000	3.02000000000000	10000010;
2	16	3.08000000000000	10000100;
1	16.7300000000000	3.13000000000000	10000110;
0	17.4700000000000	3.18000000000000	10001000;
-1	18.3100000000000	3.23000000000000	10001010;
-2	19.2300000000000	3.29000000000000	10001101;
-3	20.1000000000000	3.34000000000000	10001111;
-4	21.1000000000000	3.39000000000000	10010001;
-5	22.2000000000000	3.45000000000000	10010011;
-6	23.3000000000000	3.50000000000000	10010110;
-7	24.4000000000000	3.55000000000000	10011000;
-8	25.7000000000000	3.60000000000000	10011010;
-9	27	3.65000000000000	10011100;
-10	28.4000000000000	3.70000000000000	10011111;
-11	29.8000000000000	3.74000000000000	10100000;
-12	31.3000000000000	3.79000000000000	10100010;
-13	33	3.84000000000000	10100100;
-14	34.8000000000000	3.88000000000000	10100111;
-15	36.8000000000000	3.93000000000000	10101001;
-16	39.1000000000000	3.98000000000000	10101010;
-17	41.5000000000000	4.03000000000000	10101100];